1020500000388
1020500000443
1020500000510
1020500000553
1020500000619
1020500001103
1020500001180
1020500001873
1020500001928
1020500002357
1020700000254
1020700001464
1020800758274
1020800758681
1020900001770
1020900001946
1021100000030
1021100000085
1021400000380
1021400001040
1021500000147
1021500000202
1021500000279
1021500002677
1021600000036
1021600000047
1021600000421
1021600000498
1021600000597
1021600002500
1021600003160
1021800000177
1021800000551
1021800001190
1022100008325
1022100008336
1022200525786
1022200529537
1022300000051
1022300000062
1022300000447
1022300001063
1022300001272
1022300001569
1022300002670
1022300003186
1022400007508
1022400010005
1022600000059
1022600000158
1022700002654
1022800000376
1022900001772
1023000927520
1023100000406
1023300000052
1023400000271
1023500000028
1023500000040
1023600002084
1023700000169
1023800000047
1023800000190
1023900001070
1023900001993
1024100000011
1024100000077
1024200001770
1024200001891
1024200002859
1024400002978
1024400003209
1024700000071
1024800001863
1025000000090
1025000003071
1025000003830
1025000006453
1025000006822
1025200000077
1025200000330
1025200000352
1025200001001
1025200001540
1025200002002
1025400000053
1025400001637
1025500000459
1025500000635
1025500001328
1025600000865
1025600001019
1025600001130
1025600002064
1025700000380
1025700000578
1025900003854
1026000001862
1026100001839
1026100001916
1026100001938
1026100002092
1026100002180
1026100002378
1026100007119
1026100008373
1026100008384
1026100011200
1026103270214
1026103273382
1026200000837
1026200007855
1026300001782
1026300001815
1026300001860
1026300001947
1026300001980
1026300002244
1026300003168
1026300003465
1026300004499
1026300005170
1026400002310
1026500000031
1026600000041
1026600000063
1026600000338
1026600001779
1026600002098
1026600005013
1026700000018
1026700000051
1026800000028
1026900000050
1026900001040
1027000000059
1027100000036
1027100000080
1027100000135
1027200000080
1027200000321
1027300000232
1027300001354
1027300534690
1027400000154
1027400000803
1027400001166
1027400009790
1027600000020
1027700003935
1027700034372
1027700035835
1027700040477
1027700050510
1027700051390
1027700057440
1027700067394
1027700117279
1027700141490
1027700157231
1027700159233
1027700182366
1027700207490
1027700215817
1027700314113
1027700351106
1027700406733
1027700412893
1027700427226
1027700429855
1027700467300
1027700474944
1027700508978
1027700514049
1027700546895
1027700570523
1027739007218
1027739008879
1027739019000
1027739019527
1027739019714
1027739024642
1027739030725
1027739033453
1027739042495
1027739042572
1027739042891
1027739045025
1027739047181
1027739049304
1027739049370
1027739051053
1027739051383
1027739057686
1027739059710
1027739064704
1027739067696
1027739068158
1027739069478
1027739075407
1027739077200
1027739081930
1027739082425
1027739091280
1027739094613
1027739097165
1027739098056
1027739108979
1027739109276
1027739109914
1027739121849
1027739125303
1027739126865
1027739136622
1027739138558
1027739154497
1027739165409
1027739174759
1027739175056
1027739177091
1027739186738
1027739197914
1027739199124
1027739199355
1027739200884
1027739203953
1027739206692
1027739223775
1027739224160
1027739224941
1027739246160
1027739249670
1027739253520
1027739253794
1027739258271
1027739265355
1027739267390
1027739270294
1027739278610
1027739287355
1027739290270
1027739300050
1027739325448
1027739325624
1027739326207
1027739326306
1027739327880
1027739338175
1027739371956
1027739378600
1027739430773
1027739432940
1027739435646
1027739435668
1027739441014
1027739445337
1027739470252
1027739474355
1027739481362
1027739481780
1027739482242
1027739484321
1027739495420
1027739530785
1027739534371
1027739542258
1027739543798
1027739547549
1027739554743
1027739564786
1027739572740
1027739599535
1027739636286
1027739648815
1027739661498
1027739700548
1027739735100
1027739738135
1027739824881
1027739837366
1027739855604
1027739860554
1027744001878
1027744002989
1027744003100
1027744003374
1027744004617
1027744007246
1027800000040
1027800000238
1027800000470
1027800001240
1027800001547
1027800001987
1027800004517
1027800011524
1028600001770
1028900000051
1028900000073
1033501065730
1033501068941
1036303380850
1036605604078
1037700024581
1037700051883
1037700098215
1037711002471
1037711005804
1037711012525
1037739001079
1037739057070
1037739162779
1037739207252
1037739226128
1037739295736
1037739299685
1037739314348
1037739315965
1037739365487
1037739574773
1037739599402
1037739634206
1037739737749
1037739763753
1037739768220
1037739770661
1037739771640
1037744002251
1037858008506
1043700028679
1055200015408
1062300007901
1063800023572
1077711000036
1077711000047
1077711000069
1077711000201
1081600001097
1085000003582
1087711000035
1087711000068
1087711000090
1097711000034
1097711000089
1097711000100
1097711000122
1117711000010
1117711000032
1126700000558
1127711000010
1140700000682
1177700006780